Коефіцієнти ряду Фур'є
a_0   = 6110072.739763 b_0  = None        
a_1   = -5919302.280826 b_1  = 0.0         
a_2   = 5400809.269942 b_2  = 0.0         
a_3   = -4686799.427545 b_3  = 0.0         
a_4   = 3923531.778005 b_4  = 0.0         
a_5   = -3217857.551517 b_5  = 0.0         
a_6   = 2620625.955361 b_6  = 0.0         
a_7   = -2139642.712636 b_7  = 0.0         
a_8   = 1760954.510221 b_8  = 0.0         
a_9   = -1464467.313058 b_9  = 0.0         
a_10  = 1231429.803389 b_10 = 0.0         
a_11  = -1046688.989301 b_11 = 0.0         
a_12  = 898689.810971 b_12 = 0.0         
a_13  = -778811.22435 b_13 = 0.0         
a_14  = 680652.614484 b_14 = 0.0         
a_15  = -599445.663005 b_15 = 0.0         
a_16  = 531611.335644 b_16 = 0.0         
a_17  = -474437.845162 b_17 = 0.0         
a_18  = 425849.492807 b_18 = 0.0         
a_19  = -384241.001826 b_19 = 0.0         
a_20  = 348358.297263 b_20 = 0.0         
a_21  = -317212.099235 b_21 = 0.0         
a_22  = 290014.756775 b_22 = 0.0         
a_23  = -266133.639907 b_23 = 0.0         
a_24  = 245056.420769 b_24 = 0.0         
a_25  = -226364.965567 b_25 = 0.0         
a_26  = 209715.519865 b_26 = 0.0         
a_27  = -194823.535687 b_27 = 0.0         
a_28  = 181451.953355 b_28 = 0.0         
a_29  = -169402.077305 b_29 = 0.0         
a_30  = 158506.41623 b_30 = 0.0         
a_31  = -148623.022973 b_31 = 0.0         
a_32  = 139630.988475 b_32 = 0.0         
a_33  = -131426.830467 b_33 = 0.0         
a_34  = 123921.580828 b_34 = 0.0         
a_35  = -117038.422269 b_35 = 0.0         
a_36  = 110710.759721 b_36 = 0.0         
a_37  = -104880.637877 b_37 = 0.0         
a_38  = 99497.436024 b_38 = 0.0         
a_39  = -94516.786248 b_39 = 0.0         
a_40  = 89899.67255  b_40 = 0.0         
a_41  = -85611.677259 b_41 = 0.0         
a_42  = 81622.347944 b_42 = 0.0         
a_43  = -77904.663378 b_43 = 0.0         
a_44  = 74434.5813   b_44 = 0.0         
a_45  = -71190.654001 b_45 = 0.0         
a_46  = 68153.700391 b_46 = 0.0         
a_47  = -65306.52529 b_47 = 0.0         
a_48  = 62633.678344 b_48 = 0.0         
a_49  = -60121.246324 b_49 = 0.0         
